##YUNITS=Abs
698.231392 -0.009187 
702.089024 -0.009484 
705.946656 -0.009407 
709.804288 -0.009266 
713.661920 -0.009182 
717.519552 -0.009576 
721.377184 -0.010041 
725.234816 -0.009768 
729.092448 -0.009878 
732.950080 -0.009828 
736.807712 -0.010063 
740.665344 -0.010332 
744.522976 -0.010193 
748.380608 -0.010136 
752.238240 -0.009913 
756.095872 -0.009748 
759.953504 -0.009394 
763.811136 -0.009020 
767.668768 -0.009414 
771.526400 -0.009692 
775.384032 -0.009492 
779.241664 -0.009221 
783.099296 -0.009390 
786.956928 -0.009705 
790.814560 -0.009629 
794.672192 -0.009523 
798.529824 -0.009391 
802.387456 -0.009317 
806.245088 -0.009333 
810.102720 -0.009262 
813.960352 -0.009131 
817.817984 -0.008952 
821.675616 -0.009098 
825.533248 -0.009087 
829.390880 -0.008748 
833.248512 -0.008506 
837.106144 -0.008168 
840.963776 -0.007557 
844.821408 -0.006302 
848.679040 -0.004038 
852.536672 0.001288 
856.394304 0.012820 
860.251936 0.024062 
864.109568 0.019378 
867.967200 0.005946 
871.824832 -0.001493 
875.682464 -0.004385 
879.540096 -0.005759 
883.397728 -0.006570 
887.255360 -0.006753 
891.112992 -0.006175 
894.970624 -0.003151 
898.828256 0.007619 
902.685888 0.019813 
906.543520 0.011729 
910.401152 -0.001242 
914.258784 -0.005574 
918.116416 -0.006976 
921.974048 -0.007722 
925.831680 -0.008265 
929.689312 -0.008737 
933.546944 -0.008674 
937.404576 -0.008408 
941.262208 -0.008439 
945.119840 -0.008404 
948.977472 -0.008393 
952.835104 -0.008537 
956.692736 -0.008742 
960.550368 -0.008849 
964.408000 -0.008979 
968.265632 -0.008981 
972.123264 -0.008857 
975.980896 -0.008446 
979.838528 -0.008123 
983.696160 -0.008294 
987.553792 -0.008461 
991.411424 -0.008377 
995.269056 -0.008122 
999.126688 -0.007496 
1002.984320 -0.006396 
1006.841952 -0.004629 
1010.699584 -0.002358 
1014.557216 -0.001213 
1018.414848 -0.002226 
1022.272480 -0.003626 
1026.130112 -0.003973 
1029.987744 -0.003078 
1033.845376 -0.000868 
1037.703008 0.001370 
1041.560640 0.000316 
1045.418272 -0.003084 
1049.275904 -0.005301 
1053.133536 -0.006262 
1056.991168 -0.006620 
1060.848800 -0.006850 
1064.706432 -0.006969 
1068.564064 -0.007117 
1072.421696 -0.007225 
1076.279328 -0.007304 
1080.136960 -0.007347 
1083.994592 -0.007418 
1087.852224 -0.007449 
1091.709856 -0.007513 
1095.567488 -0.007414 
1099.425120 -0.007322 
1103.282752 -0.007327 
1107.140384 -0.007361 
1110.998016 -0.007459 
1114.855648 -0.007801 
1118.713280 -0.008057 
1122.570912 -0.008190 
1126.428544 -0.008516 
1130.286176 -0.008896 
1134.143808 -0.009081 
1138.001440 -0.009249 
1141.859072 -0.009444 
1145.716704 -0.009414 
1149.574336 -0.009411 
1153.431968 -0.009502 
1157.289600 -0.009445 
1161.147232 -0.009487 
1165.004864 -0.009634 
1168.862496 -0.009752 
1172.720128 -0.009871 
1176.577760 -0.009970 
1180.435392 -0.009993 
1184.293024 -0.010034 
1188.150656 -0.010065 
1192.008288 -0.010106 
1195.865920 -0.010099 
1199.723552 -0.010110 
1203.581184 -0.010090 
1207.438816 -0.010039 
1211.296448 -0.010045 
1215.154080 -0.010091 
1219.011712 -0.010044 
1222.869344 -0.009907 
1226.726976 -0.009712 
1230.584608 -0.009558 
1234.442240 -0.009297 
1238.299872 -0.008868 
1242.157504 -0.008134 
1246.015136 -0.006868 
1249.872768 -0.004211 
1253.730400 0.000358 
1257.588032 0.002571 
1261.445664 -0.000621 
1265.303296 -0.004188 
1269.160928 -0.006066 
1273.018560 -0.007260 
1276.876192 -0.008176 
1280.733824 -0.008742 
1284.591456 -0.009110 
1288.449088 -0.009263 
1292.306720 -0.009371 
1296.164352 -0.009462 
1300.021984 -0.009651 
1303.879616 -0.009777 
1307.737248 -0.009713 
1311.594880 -0.009570 
1315.452512 -0.009517 
1319.310144 -0.009449 
1323.167776 -0.009533 
1327.025408 -0.009563 
1330.883040 -0.009519 
1334.740672 -0.009141 
1338.598304 -0.008567 
1342.455936 -0.008566 
1346.313568 -0.008711 
1350.171200 -0.008609 
1354.028832 -0.008853 
1357.886464 -0.009191 
1361.744096 -0.009282 
1365.601728 -0.009511 
1369.459360 -0.009775 
1373.316992 -0.009574 
1377.174624 -0.009635 
1381.032256 -0.009851 
1384.889888 -0.009737 
1388.747520 -0.009401 
1392.605152 -0.009181 
1396.462784 -0.008593 
1400.320416 -0.008630 
1404.178048 -0.008473 
1408.035680 -0.008089 
1411.893312 -0.007440 
1415.750944 -0.006507 
1419.608576 -0.005015 
1423.466208 -0.004153 
1427.323840 -0.002713 
1431.181472 -0.000081 
1435.039104 0.005880 
1438.896736 0.019571 
1442.754368 0.044822 
1446.612000 0.083842 
1450.469632 0.094010 
1454.327264 0.061495 
1458.184896 0.019758 
1462.042528 0.006180 
1465.900160 0.001400 
1469.757792 -0.001361 
1473.615424 -0.003217 
1477.473056 -0.005174 
1481.330688 -0.006636 
1485.188320 -0.007106 
1489.045952 -0.007248 
1492.903584 -0.007954 
1496.761216 -0.008444 
1500.618848 -0.008766 
1504.476480 -0.008763 
1508.334112 -0.007817 
1512.191744 -0.008849 
1516.049376 -0.009159 
1519.907008 -0.008999 
1523.764640 -0.009130 
1527.622272 -0.009892 
1531.479904 -0.010097 
1535.337536 -0.010026 
1539.195168 -0.009436 
1543.052800 -0.009215 
1546.910432 -0.010256 
1550.768064 -0.010732 
1554.625696 -0.010641 
1558.483328 -0.010143 
1562.340960 -0.010720 
1566.198592 -0.011233 
1570.056224 -0.011182 
1573.913856 -0.011178 
1577.771488 -0.011069 
1581.629120 -0.011432 
1585.486752 -0.011604 
1589.344384 -0.011616 
1593.202016 -0.011537 
1597.059648 -0.011662 
1600.917280 -0.011728 
1604.774912 -0.011766 
1608.632544 -0.011714 
1612.490176 -0.011711 
1616.347808 -0.011402 
1620.205440 -0.011372 
1624.063072 -0.011349 
1627.920704 -0.011410 
1631.778336 -0.011465 
1635.635968 -0.010900 
1639.493600 -0.010956 
1643.351232 -0.011175 
1647.208864 -0.010592 
1651.066496 -0.010386 
1654.924128 -0.010642 
1658.781760 -0.011375 
1662.639392 -0.011582 
1666.497024 -0.011572 
1670.354656 -0.011267 
1674.212288 -0.011278 
1678.069920 -0.011296 
1681.927552 -0.011057 
1685.785184 -0.010872 
1689.642816 -0.011612 
1693.500448 -0.011978 
1697.358080 -0.011575 
1701.215712 -0.011456 
1705.073344 -0.011925 
1708.930976 -0.012359 
1712.788608 -0.012392 
1716.646240 -0.011919 
1720.503872 -0.012415 
1724.361504 -0.012913 
1728.219136 -0.012887 
1732.076768 -0.012327 
1735.934400 -0.012288 
1739.792032 -0.012565 
1743.649664 -0.012485 
1747.507296 -0.012172 
1751.364928 -0.012278 
1755.222560 -0.012764 
1759.080192 -0.012856 
1762.937824 -0.012948 
1766.795456 -0.013002 
1770.653088 -0.012531 
1774.510720 -0.012216 
1778.368352 -0.012541 
1782.225984 -0.012903 
1786.083616 -0.013160 
1789.941248 -0.013056 
1793.798880 -0.012873 
1797.656512 -0.013037 
1801.514144 -0.013132 
1805.371776 -0.013368 
1809.229408 -0.013403 
1813.087040 -0.013498 
1816.944672 -0.013685 
1820.802304 -0.013595 
1824.659936 -0.013320 
1828.517568 -0.013135 
1832.375200 -0.013271 
1836.232832 -0.013486 
1840.090464 -0.013511 
1843.948096 -0.013279 
1847.805728 -0.013421 
1851.663360 -0.013782 
1855.520992 -0.013841 
1859.378624 -0.013768 
1863.236256 -0.013620 
1867.093888 -0.013191 
1870.951520 -0.013101 
1874.809152 -0.013531 
1878.666784 -0.013770 
1882.524416 -0.013896 
1886.382048 -0.013865 
1890.239680 -0.013847 
1894.097312 -0.013926 
1897.954944 -0.014071 
1901.812576 -0.014169 
1905.670208 -0.014131 
1909.527840 -0.014108 
1913.385472 -0.014199 
1917.243104 -0.014051 
1921.100736 -0.013879 
1924.958368 -0.014033 
1928.816000 -0.014234 
1932.673632 -0.014292 
1936.531264 -0.014339 
1940.388896 -0.014272 
1944.246528 -0.014247 
1948.104160 -0.014418 
1951.961792 -0.014532 
1955.819424 -0.014550 
1959.677056 -0.014581 
1963.534688 -0.014549 
1967.392320 -0.014480 
1971.249952 -0.014558 
1975.107584 -0.014582 
1978.965216 -0.014505 
1982.822848 -0.014284 
1986.680480 -0.013918 
1990.538112 -0.013763 
1994.395744 -0.014046 
1998.253376 -0.014409 
2002.111008 -0.014602 
2005.968640 -0.014680 
2009.826272 -0.014672 
2013.683904 -0.014605 
2017.541536 -0.014541 
2021.399168 -0.014658 
2025.256800 -0.014746 
2029.114432 -0.014780 
2032.972064 -0.014777 
2036.829696 -0.014708 
2040.687328 -0.014619 
2044.544960 -0.014614 
2048.402592 -0.014645 
2052.260224 -0.014631 
2056.117856 -0.014448 
2059.975488 -0.014336 
2063.833120 -0.014486 
2067.690752 -0.014728 
2071.548384 -0.014899 
2075.406016 -0.014995 
2079.263648 -0.015067 
2083.121280 -0.015124 
2086.978912 -0.015127 
2090.836544 -0.015133 
2094.694176 -0.015194 
2098.551808 -0.015252 
2102.409440 -0.015230 
2106.267072 -0.015234 
2110.124704 -0.015212 
2113.982336 -0.015198 
2117.839968 -0.015174 
2121.697600 -0.015069 
2125.555232 -0.014958 
2129.412864 -0.014893 
2133.270496 -0.014696 
2137.128128 -0.014531 
2140.985760 -0.014724 
2144.843392 -0.014929 
2148.701024 -0.014917 
2152.558656 -0.014938 
2156.416288 -0.015076 
2160.273920 -0.015075 
2164.131552 -0.014930 
2167.989184 -0.014793 
2171.846816 -0.014679 
2175.704448 -0.014513 
2179.562080 -0.014485 
2183.419712 -0.014736 
2187.277344 -0.015000 
2191.134976 -0.015083 
2194.992608 -0.015036 
2198.850240 -0.014977 
2202.707872 -0.014900 
2206.565504 -0.014940 
2210.423136 -0.015098 
2214.280768 -0.015221 
2218.138400 -0.015220 
2221.996032 -0.015165 
2225.853664 -0.015110 
2229.711296 -0.015065 
2233.568928 -0.015123 
2237.426560 -0.015143 
2241.284192 -0.014969 
2245.141824 -0.014734 
2248.999456 -0.014722 
2252.857088 -0.014954 
2256.714720 -0.015196 
2260.572352 -0.015340 
2264.429984 -0.015397 
2268.287616 -0.015394 
2272.145248 -0.015362 
2276.002880 -0.015304 
2279.860512 -0.015203 
2283.718144 -0.015166 
2287.575776 -0.015132 
2291.433408 -0.015023 
2295.291040 -0.014760 
2299.148672 -0.014341 
2303.006304 -0.013804 
2306.863936 -0.013377 
2310.721568 -0.013137 
2314.579200 -0.012956 
2318.436832 -0.012583 
2322.294464 -0.012075 
2326.152096 -0.011707 
2330.009728 -0.011434 
2333.867360 -0.011370 
2337.724992 -0.011362 
2341.582624 -0.011243 
2345.440256 -0.011581 
2349.297888 -0.011962 
2353.155520 -0.011386 
2357.013152 -0.010093 
2360.870784 -0.009395 
2364.728416 -0.009624 
2368.586048 -0.010511 
2372.443680 -0.011578 
2376.301312 -0.012666 
2380.158944 -0.013896 
2384.016576 -0.014972 
2387.874208 -0.015483 
2391.731840 -0.015484 
2395.589472 -0.015436 
2399.447104 -0.015590 
2403.304736 -0.015675 
2407.162368 -0.015606 
2411.020000 -0.015518 
2414.877632 -0.015536 
2418.735264 -0.015658 
2422.592896 -0.015798 
2426.450528 -0.015952 
2430.308160 -0.016003 
2434.165792 -0.015960 
2438.023424 -0.016024 
2441.881056 -0.016129 
2445.738688 -0.016182 
2449.596320 -0.016211 
2453.453952 -0.016203 
2457.311584 -0.016217 
2461.169216 -0.016223 
2465.026848 -0.016166 
2468.884480 -0.016059 
2472.742112 -0.015848 
2476.599744 -0.015648 
2480.457376 -0.015776 
2484.315008 -0.016090 
2488.172640 -0.016277 
2492.030272 -0.016352 
2495.887904 -0.016377 
2499.745536 -0.016369 
2503.603168 -0.016306 
2507.460800 -0.016275 
2511.318432 -0.016375 
2515.176064 -0.016471 
2519.033696 -0.016467 
2522.891328 -0.016460 
2526.748960 -0.016454 
2530.606592 -0.016410 
2534.464224 -0.016375 
2538.321856 -0.016378 
2542.179488 -0.016352 
2546.037120 -0.016295 
2549.894752 -0.016157 
2553.752384 -0.016123 
2557.610016 -0.016257 
2561.467648 -0.016404 
2565.325280 -0.016437 
2569.182912 -0.016341 
2573.040544 -0.016207 
2576.898176 -0.016189 
2580.755808 -0.016129 
2584.613440 -0.015884 
2588.471072 -0.015479 
2592.328704 -0.014773 
2596.186336 -0.013993 
2600.043968 -0.013799 
2603.901600 -0.014028 
2607.759232 -0.014117 
2611.616864 -0.013980 
2615.474496 -0.014422 
2619.332128 -0.015396 
2623.189760 -0.016078 
2627.047392 -0.016323 
2630.905024 -0.016398 
2634.762656 -0.016377 
2638.620288 -0.016231 
2642.477920 -0.015812 
2646.335552 -0.015002 
2650.193184 -0.013167 
2654.050816 -0.010004 
2657.908448 -0.007123 
2661.766080 -0.007860 
2665.623712 -0.011575 
2669.481344 -0.014070 
2673.338976 -0.014852 
2677.196608 -0.014954 
2681.054240 -0.014687 
2684.911872 -0.014024 
2688.769504 -0.013454 
2692.627136 -0.013576 
2696.484768 -0.014058 
2700.342400 -0.014746 
2704.200032 -0.015534 
2708.057664 -0.015986 
2711.915296 -0.016201 
2715.772928 -0.016454 
2719.630560 -0.016706 
2723.488192 -0.016859 
2727.345824 -0.016982 
2731.203456 -0.017087 
2735.061088 -0.017131 
2738.918720 -0.017101 
2742.776352 -0.017081 
2746.633984 -0.017052 
2750.491616 -0.017026 
2754.349248 -0.016971 
2758.206880 -0.016856 
2762.064512 -0.016615 
2765.922144 -0.016298 
2769.779776 -0.015824 
2773.637408 -0.015192 
2777.495040 -0.014547 
2781.352672 -0.013758 
2785.210304 -0.012267 
2789.067936 -0.010043 
2792.925568 -0.008920 
2796.783200 -0.010272 
2800.640832 -0.012296 
2804.498464 -0.013326 
2808.356096 -0.013328 
2812.213728 -0.012520 
2816.071360 -0.011445 
2819.928992 -0.010524 
2823.786624 -0.008904 
2827.644256 -0.005687 
2831.501888 -0.000303 
2835.359520 0.009191 
2839.217152 0.027719 
2843.074784 0.064475 
2846.932416 0.122469 
2850.790048 0.160182 
2854.647680 0.126316 
2858.505312 0.069467 
2862.362944 0.036033 
2866.220576 0.021974 
2870.078208 0.016538 
2873.935840 0.013621 
2877.793472 0.011819 
2881.651104 0.012508 
2885.508736 0.017335 
2889.366368 0.027377 
2893.224000 0.043996 
2897.081632 0.068971 
2900.939264 0.099651 
2904.796896 0.127159 
2908.654528 0.148630 
2912.512160 0.168703 
2916.369792 0.207157 
2920.227424 0.262015 
2924.085056 0.282989 
2927.942688 0.247130 
2931.800320 0.182695 
2935.657952 0.120925 
2939.515584 0.076530 
2943.373216 0.048407 
2947.230848 0.030508 
2951.088480 0.018445 
2954.946112 0.009976 
2958.803744 0.003959 
2962.661376 -0.000272 
2966.519008 -0.003312 
2970.376640 -0.005548 
2974.234272 -0.007252 
2978.091904 -0.008659 
2981.949536 -0.009808 
2985.807168 -0.010780 
2989.664800 -0.011602 
2993.522432 -0.012315 
2997.380064 -0.012952 
3001.237696 -0.013419 
3005.095328 -0.013746 
3008.952960 -0.013980 
3012.810592 -0.014183 
3016.668224 -0.014485 
3020.525856 -0.014837 
3024.383488 -0.015069 
3028.241120 -0.015223 
3032.098752 -0.015383 
3035.956384 -0.015609 
3039.814016 -0.015784 
3043.671648 -0.015865 
3047.529280 -0.015941 
3051.386912 -0.016069 
3055.244544 -0.016147 
3059.102176 -0.016177 
3062.959808 -0.016193 
3066.817440 -0.016229 
3070.675072 -0.016351 
3074.532704 -0.016409 
3078.390336 -0.016349 
3082.247968 -0.016324 
3086.105600 -0.016390 
3089.963232 -0.016417 
3093.820864 -0.016393 
3097.678496 -0.016368 
3101.536128 -0.016369 
3105.393760 -0.016435 
3109.251392 -0.016500 
3113.109024 -0.016527 
3116.966656 -0.016509 
3120.824288 -0.016480 
3124.681920 -0.016528 
3128.539552 -0.016604 
3132.397184 -0.016599 
3136.254816 -0.016499 
3140.112448 -0.016416 
3143.970080 -0.016342 
3147.827712 -0.016168 
3151.685344 -0.015978 
3155.542976 -0.015953 
3159.400608 -0.016070 
3163.258240 -0.016219 
3167.115872 -0.016414 
3170.973504 -0.016648 
3174.831136 -0.016813 
3178.688768 -0.016875 
3182.546400 -0.016937 
3186.404032 -0.016964 
3190.261664 -0.017113 
3194.119296 -0.017171 
3197.976928 -0.017123 
3201.834560 -0.017143 
3205.692192 -0.017193 
3209.549824 -0.017258 
3213.407456 -0.017288 
3217.265088 -0.017267 
3221.122720 -0.017193 
3224.980352 -0.017154 
3228.837984 -0.017188 
3232.695616 -0.017190 
3236.553248 -0.017126 
3240.410880 -0.017056 
3244.268512 -0.017053 
3248.126144 -0.017086 
3251.983776 -0.017044 
3255.841408 -0.016965 
3259.699040 -0.016991 
3263.556672 -0.016977 
3267.414304 -0.016902 
3271.271936 -0.016857 
3275.129568 -0.016861 
3278.987200 -0.016881 
3282.844832 -0.016900 
3286.702464 -0.016868 
3290.560096 -0.016808 
3294.417728 -0.016845 
3298.275360 -0.016885 
3302.132992 -0.016911 
3305.990624 -0.016884 
3309.848256 -0.016794 
3313.705888 -0.016776 
3317.563520 -0.016808 
3321.421152 -0.016855 
3325.278784 -0.016868 
3329.136416 -0.016838 
3332.994048 -0.016822 
3336.851680 -0.016805 
3340.709312 -0.016919 
3344.566944 -0.017062 
3348.424576 -0.016976 
3352.282208 -0.016910 
3356.139840 -0.016883 
3359.997472 -0.016859 
3363.855104 -0.016902 
3367.712736 -0.016937 
3371.570368 -0.016980 
3375.428000 -0.016999 
3379.285632 -0.017069 
3383.143264 -0.017117 
3387.000896 -0.017089 
3390.858528 -0.017101 
3394.716160 -0.017060 
3398.573792 -0.017075 
3402.431424 -0.017158 
3406.289056 -0.017242 
3410.146688 -0.017226 
3414.004320 -0.017147 
3417.861952 -0.017101 
3421.719584 -0.017097 
3425.577216 -0.017092 
3429.434848 -0.017086 
3433.292480 -0.016982 
3437.150112 -0.016862 
3441.007744 -0.016831 
3444.865376 -0.016826 
3448.723008 -0.016905 
3452.580640 -0.017129 
3456.438272 -0.017208 
3460.295904 -0.017227 
3464.153536 -0.017383 
3468.011168 -0.017564 
3471.868800 -0.017534 
3475.726432 -0.017571 
3479.584064 -0.017597 
3483.441696 -0.017610 
3487.299328 -0.017695 
3491.156960 -0.017752 
3495.014592 -0.017799 
3498.872224 -0.017745 
3502.729856 -0.017537 
3506.587488 -0.017587 
3510.445120 -0.017799 
3514.302752 -0.017902 
3518.160384 -0.017856 
3522.018016 -0.017648 
3525.875648 -0.017426 
3529.733280 -0.017614 
3533.590912 -0.017907 
3537.448544 -0.017863 
3541.306176 -0.017837 
3545.163808 -0.017483 
3549.021440 -0.017501 
3552.879072 -0.017703 
3556.736704 -0.017752 
3560.594336 -0.017832 
3564.451968 -0.017467 
3568.309600 -0.017037 
3572.167232 -0.017631 
3576.024864 -0.017967 
3579.882496 -0.018025 
3583.740128 -0.017996 
3587.597760 -0.017472 
3591.455392 -0.017518 
3595.313024 -0.017604 
3599.170656 -0.017625 
3603.028288 -0.017842 
3606.885920 -0.017759 
3610.743552 -0.017478 
3614.601184 -0.017574 
3618.458816 -0.017445 
3622.316448 -0.017578 
3626.174080 -0.017585 
3630.031712 -0.016815 
3633.889344 -0.017229 
3637.746976 -0.017717 
3641.604608 -0.017942 
3645.462240 -0.017878 
3649.319872 -0.016912 
3653.177504 -0.017090 
3657.035136 -0.017607 
3660.892768 -0.017910 
3664.750400 -0.018234 
3668.608032 -0.018010 
3672.465664 -0.017509 
3676.323296 -0.017034 
3680.180928 -0.017348 
3684.038560 -0.018067 
3687.896192 -0.017605 
3691.753824 -0.016869 
3695.611456 -0.017406 
3699.469088 -0.017559 
3703.326720 -0.017469 
3707.184352 -0.017668 
3711.041984 -0.016961 
3714.899616 -0.016994 
3718.757248 -0.017539 
3722.614880 -0.017224 
3726.472512 -0.017165 
3730.330144 -0.017582 
3734.187776 -0.016978 
3738.045408 -0.016843 
3741.903040 -0.017626 
3745.760672 -0.017404 
3749.618304 -0.016850 
3753.475936 -0.016765 
3757.333568 -0.017431 
3761.191200 -0.017770 
3765.048832 -0.018093 
3768.906464 -0.017979 
3772.764096 -0.018166 
3776.621728 -0.018378 
3780.479360 -0.018111 
3784.336992 -0.018003 
3788.194624 -0.018284 
3792.052256 -0.018625 
3795.909888 -0.018521 
3799.767520 -0.017889 
3803.625152 -0.017572 
3807.482784 -0.017697 
3811.340416 -0.018267 
3815.198048 -0.018381 
3819.055680 -0.017900 
3822.913312 -0.017804 
3826.770944 -0.018241 
3830.628576 -0.018570 
3834.486208 -0.018493 
3838.343840 -0.017751 
3842.201472 -0.017722 
3846.059104 -0.018412 
3849.916736 -0.018615 
3853.774368 -0.017425 
3857.632000 -0.017581 
3861.489632 -0.018234 
3865.347264 -0.018122 
3869.204896 -0.017787 
3873.062528 -0.017660 
3876.920160 -0.018283 
3880.777792 -0.018290 
3884.635424 -0.018107 
3888.493056 -0.018132 
3892.350688 -0.017974 
3896.208320 -0.018278 
3900.065952 -0.018163 
3903.923584 -0.017562 
3907.781216 -0.018174 
3911.638848 -0.018765 
3915.496480 -0.018659 
3919.354112 -0.018374 
3923.211744 -0.018306 
3927.069376 -0.018258 
3930.927008 -0.018117 
3934.784640 -0.018182 
3938.642272 -0.018391 
3942.499904 -0.018158 
3946.357536 -0.018030 
3950.215168 -0.018076 
3954.072800 -0.018192 
3957.930432 -0.018233 
3961.788064 -0.018346 
3965.645696 -0.018618 
3969.503328 -0.018775 
3973.360960 -0.018774 
3977.218592 -0.018875 
3981.076224 -0.019067 
3984.933856 -0.019145 
3988.791488 -0.019150 
3992.649120 -0.019145 
3996.506752 -0.019108 
4000.364384 -0.019040 