##YUNITS=Abs
698.231392 -0.010562 
702.089024 -0.010791 
705.946656 -0.011099 
709.804288 -0.010871 
713.661920 -0.010921 
717.519552 -0.011360 
721.377184 -0.011046 
725.234816 -0.010821 
729.092448 -0.010909 
732.950080 -0.011227 
736.807712 -0.011564 
740.665344 -0.011654 
744.522976 -0.011646 
748.380608 -0.011577 
752.238240 -0.011591 
756.095872 -0.011874 
759.953504 -0.011849 
763.811136 -0.011560 
767.668768 -0.011043 
771.526400 -0.010551 
775.384032 -0.010051 
779.241664 -0.010008 
783.099296 -0.010203 
786.956928 -0.010590 
790.814560 -0.011015 
794.672192 -0.010660 
798.529824 -0.010186 
802.387456 -0.010128 
806.245088 -0.010242 
810.102720 -0.010270 
813.960352 -0.010241 
817.817984 -0.010163 
821.675616 -0.010247 
825.533248 -0.010278 
829.390880 -0.010045 
833.248512 -0.009646 
837.106144 -0.009276 
840.963776 -0.008771 
844.821408 -0.007597 
848.679040 -0.005286 
852.536672 0.000235 
856.394304 0.011796 
860.251936 0.022913 
864.109568 0.018301 
867.967200 0.004975 
871.824832 -0.002528 
875.682464 -0.005544 
879.540096 -0.006993 
883.397728 -0.007780 
887.255360 -0.007759 
891.112992 -0.007127 
894.970624 -0.004248 
898.828256 0.006591 
902.685888 0.018990 
906.543520 0.011094 
910.401152 -0.001923 
914.258784 -0.006576 
918.116416 -0.008393 
921.974048 -0.009263 
925.831680 -0.009161 
929.689312 -0.009499 
933.546944 -0.009691 
937.404576 -0.009631 
941.262208 -0.009670 
945.119840 -0.009438 
948.977472 -0.009490 
952.835104 -0.009681 
956.692736 -0.009695 
960.550368 -0.009735 
964.408000 -0.009768 
968.265632 -0.009829 
972.123264 -0.009889 
975.980896 -0.009796 
979.838528 -0.009604 
983.696160 -0.009725 
987.553792 -0.009627 
991.411424 -0.009200 
995.269056 -0.008943 
999.126688 -0.008414 
1002.984320 -0.007320 
1006.841952 -0.005533 
1010.699584 -0.003266 
1014.557216 -0.002155 
1018.414848 -0.003241 
1022.272480 -0.004607 
1026.130112 -0.004945 
1029.987744 -0.004099 
1033.845376 -0.001930 
1037.703008 0.000269 
1041.560640 -0.000951 
1045.418272 -0.004449 
1049.275904 -0.006647 
1053.133536 -0.007541 
1056.991168 -0.007877 
1060.848800 -0.008075 
1064.706432 -0.008196 
1068.564064 -0.008299 
1072.421696 -0.008396 
1076.279328 -0.008541 
1080.136960 -0.008559 
1083.994592 -0.008625 
1087.852224 -0.008694 
1091.709856 -0.008724 
1095.567488 -0.008711 
1099.425120 -0.008642 
1103.282752 -0.008582 
1107.140384 -0.008612 
1110.998016 -0.008744 
1114.855648 -0.009027 
1118.713280 -0.009326 
1122.570912 -0.009610 
1126.428544 -0.009841 
1130.286176 -0.010146 
1134.143808 -0.010340 
1138.001440 -0.010359 
1141.859072 -0.010403 
1145.716704 -0.010461 
1149.574336 -0.010513 
1153.431968 -0.010512 
1157.289600 -0.010419 
1161.147232 -0.010448 
1165.004864 -0.010550 
1168.862496 -0.010697 
1172.720128 -0.010859 
1176.577760 -0.010970 
1180.435392 -0.010967 
1184.293024 -0.010970 
1188.150656 -0.010994 
1192.008288 -0.011006 
1195.865920 -0.010967 
1199.723552 -0.011015 
1203.581184 -0.010974 
1207.438816 -0.010927 
1211.296448 -0.010919 
1215.154080 -0.010963 
1219.011712 -0.010919 
1222.869344 -0.010799 
1226.726976 -0.010622 
1230.584608 -0.010438 
1234.442240 -0.010175 
1238.299872 -0.009783 
1242.157504 -0.009045 
1246.015136 -0.007790 
1249.872768 -0.005091 
1253.730400 -0.000470 
1257.588032 0.001683 
1261.445664 -0.001563 
1265.303296 -0.005148 
1269.160928 -0.007065 
1273.018560 -0.008240 
1276.876192 -0.009055 
1280.733824 -0.009512 
1284.591456 -0.009897 
1288.449088 -0.010130 
1292.306720 -0.010322 
1296.164352 -0.010434 
1300.021984 -0.010537 
1303.879616 -0.010604 
1307.737248 -0.010632 
1311.594880 -0.010513 
1315.452512 -0.010398 
1319.310144 -0.010313 
1323.167776 -0.010357 
1327.025408 -0.010314 
1330.883040 -0.010284 
1334.740672 -0.009960 
1338.598304 -0.009504 
1342.455936 -0.009496 
1346.313568 -0.009578 
1350.171200 -0.009446 
1354.028832 -0.009683 
1357.886464 -0.010019 
1361.744096 -0.010246 
1365.601728 -0.010511 
1369.459360 -0.010698 
1373.316992 -0.010613 
1377.174624 -0.010764 
1381.032256 -0.010901 
1384.889888 -0.010756 
1388.747520 -0.010473 
1392.605152 -0.010319 
1396.462784 -0.009872 
1400.320416 -0.009887 
1404.178048 -0.009698 
1408.035680 -0.009346 
1411.893312 -0.008736 
1415.750944 -0.007901 
1419.608576 -0.006487 
1423.466208 -0.005534 
1427.323840 -0.004074 
1431.181472 -0.001414 
1435.039104 0.004492 
1438.896736 0.018283 
1442.754368 0.043734 
1446.612000 0.082811 
1450.469632 0.092927 
1454.327264 0.060121 
1458.184896 0.018058 
1462.042528 0.004695 
1465.900160 0.000028 
1469.757792 -0.002763 
1473.615424 -0.004858 
1477.473056 -0.006579 
1481.330688 -0.007767 
1485.188320 -0.008292 
1489.045952 -0.008708 
1492.903584 -0.009332 
1496.761216 -0.009766 
1500.618848 -0.010019 
1504.476480 -0.010243 
1508.334112 -0.009723 
1512.191744 -0.010349 
1516.049376 -0.010676 
1519.907008 -0.010824 
1523.764640 -0.010874 
1527.622272 -0.011245 
1531.479904 -0.011370 
1535.337536 -0.011464 
1539.195168 -0.011206 
1543.052800 -0.011026 
1546.910432 -0.011703 
1550.768064 -0.012114 
1554.625696 -0.012197 
1558.483328 -0.012119 
1562.340960 -0.012364 
1566.198592 -0.012705 
1570.056224 -0.012794 
1573.913856 -0.012891 
1577.771488 -0.012817 
1581.629120 -0.013083 
1585.486752 -0.013249 
1589.344384 -0.013307 
1593.202016 -0.013261 
1597.059648 -0.013380 
1600.917280 -0.013440 
1604.774912 -0.013461 
1608.632544 -0.013403 
1612.490176 -0.013389 
1616.347808 -0.013176 
1620.205440 -0.013095 
1624.063072 -0.013036 
1627.920704 -0.013102 
1631.778336 -0.013127 
1635.635968 -0.012764 
1639.493600 -0.012677 
1643.351232 -0.012851 
1647.208864 -0.012645 
1651.066496 -0.012721 
1654.924128 -0.012724 
1658.781760 -0.013089 
1662.639392 -0.013235 
1666.497024 -0.013218 
1670.354656 -0.013006 
1674.212288 -0.012945 
1678.069920 -0.012859 
1681.927552 -0.012743 
1685.785184 -0.012598 
1689.642816 -0.013005 
1693.500448 -0.013304 
1697.358080 -0.013180 
1701.215712 -0.013133 
1705.073344 -0.013362 
1708.930976 -0.013691 
1712.788608 -0.013758 
1716.646240 -0.013438 
1720.503872 -0.013729 
1724.361504 -0.014057 
1728.219136 -0.014067 
1732.076768 -0.013796 
1735.934400 -0.013772 
1739.792032 -0.013903 
1743.649664 -0.013828 
1747.507296 -0.013646 
1751.364928 -0.013740 
1755.222560 -0.013997 
1759.080192 -0.013995 
1762.937824 -0.014042 
1766.795456 -0.014075 
1770.653088 -0.013738 
1774.510720 -0.013449 
1778.368352 -0.013618 
1782.225984 -0.013943 
1786.083616 -0.014179 
1789.941248 -0.014117 
1793.798880 -0.013983 
1797.656512 -0.014134 
1801.514144 -0.014255 
1805.371776 -0.014414 
1809.229408 -0.014415 
1813.087040 -0.014473 
1816.944672 -0.014611 
1820.802304 -0.014593 
1824.659936 -0.014405 
1828.517568 -0.014240 
1832.375200 -0.014325 
1836.232832 -0.014463 
1840.090464 -0.014530 
1843.948096 -0.014443 
1847.805728 -0.014558 
1851.663360 -0.014799 
1855.520992 -0.014823 
1859.378624 -0.014760 
1863.236256 -0.014600 
1867.093888 -0.014237 
1870.951520 -0.014174 
1874.809152 -0.014507 
1878.666784 -0.014742 
1882.524416 -0.014874 
1886.382048 -0.014871 
1890.239680 -0.014872 
1894.097312 -0.014960 
1897.954944 -0.015112 
1901.812576 -0.015180 
1905.670208 -0.015135 
1909.527840 -0.015121 
1913.385472 -0.015190 
1917.243104 -0.015118 
1921.100736 -0.015031 
1924.958368 -0.015139 
1928.816000 -0.015279 
1932.673632 -0.015324 
1936.531264 -0.015380 
1940.388896 -0.015361 
1944.246528 -0.015378 
1948.104160 -0.015541 
1951.961792 -0.015613 
1955.819424 -0.015611 
1959.677056 -0.015621 
1963.534688 -0.015590 
1967.392320 -0.015568 
1971.249952 -0.015648 
1975.107584 -0.015668 
1978.965216 -0.015585 
1982.822848 -0.015332 
1986.680480 -0.014967 
1990.538112 -0.014868 
1994.395744 -0.015174 
1998.253376 -0.015505 
2002.111008 -0.015643 
2005.968640 -0.015676 
2009.826272 -0.015689 
2013.683904 -0.015693 
2017.541536 -0.015667 
2021.399168 -0.015754 
2025.256800 -0.015843 
2029.114432 -0.015853 
2032.972064 -0.015818 
2036.829696 -0.015797 
2040.687328 -0.015740 
2044.544960 -0.015733 
2048.402592 -0.015738 
2052.260224 -0.015690 
2056.117856 -0.015495 
2059.975488 -0.015376 
2063.833120 -0.015547 
2067.690752 -0.015835 
2071.548384 -0.016008 
2075.406016 -0.016088 
2079.263648 -0.016156 
2083.121280 -0.016179 
2086.978912 -0.016175 
2090.836544 -0.016180 
2094.694176 -0.016231 
2098.551808 -0.016299 
2102.409440 -0.016291 
2106.267072 -0.016281 
2110.124704 -0.016273 
2113.982336 -0.016251 
2117.839968 -0.016197 
2121.697600 -0.016087 
2125.555232 -0.015982 
2129.412864 -0.015919 
2133.270496 -0.015742 
2137.128128 -0.015557 
2140.985760 -0.015713 
2144.843392 -0.015960 
2148.701024 -0.015960 
2152.558656 -0.015942 
2156.416288 -0.016082 
2160.273920 -0.016086 
2164.131552 -0.015885 
2167.989184 -0.015728 
2171.846816 -0.015669 
2175.704448 -0.015541 
2179.562080 -0.015508 
2183.419712 -0.015760 
2187.277344 -0.016037 
2191.134976 -0.016166 
2194.992608 -0.016173 
2198.850240 -0.016110 
2202.707872 -0.016017 
2206.565504 -0.016060 
2210.423136 -0.016195 
2214.280768 -0.016301 
2218.138400 -0.016303 
2221.996032 -0.016300 
2225.853664 -0.016269 
2229.711296 -0.016203 
2233.568928 -0.016216 
2237.426560 -0.016256 
2241.284192 -0.016163 
2245.141824 -0.015975 
2248.999456 -0.015931 
2252.857088 -0.016120 
2256.714720 -0.016404 
2260.572352 -0.016569 
2264.429984 -0.016627 
2268.287616 -0.016664 
2272.145248 -0.016650 
2276.002880 -0.016587 
2279.860512 -0.016535 
2283.718144 -0.016503 
2287.575776 -0.016461 
2291.433408 -0.016417 
2295.291040 -0.016251 
2299.148672 -0.015902 
2303.006304 -0.015511 
2306.863936 -0.015310 
2310.721568 -0.015248 
2314.579200 -0.015212 
2318.436832 -0.015053 
2322.294464 -0.014825 
2326.152096 -0.014696 
2330.009728 -0.014580 
2333.867360 -0.014627 
2337.724992 -0.014807 
2341.582624 -0.014641 
2345.440256 -0.014501 
2349.297888 -0.014600 
2353.155520 -0.014420 
2357.013152 -0.013924 
2360.870784 -0.013510 
2364.728416 -0.013278 
2368.586048 -0.013608 
2372.443680 -0.014166 
2376.301312 -0.014724 
2380.158944 -0.015472 
2384.016576 -0.016229 
2387.874208 -0.016622 
2391.731840 -0.016622 
2395.589472 -0.016601 
2399.447104 -0.016739 
2403.304736 -0.016834 
2407.162368 -0.016789 
2411.020000 -0.016679 
2414.877632 -0.016697 
2418.735264 -0.016925 
2422.592896 -0.017140 
2426.450528 -0.017225 
2430.308160 -0.017231 
2434.165792 -0.017236 
2438.023424 -0.017275 
2441.881056 -0.017322 
2445.738688 -0.017343 
2449.596320 -0.017374 
2453.453952 -0.017402 
2457.311584 -0.017410 
2461.169216 -0.017398 
2465.026848 -0.017353 
2468.884480 -0.017260 
2472.742112 -0.017023 
2476.599744 -0.016831 
2480.457376 -0.017012 
2484.315008 -0.017326 
2488.172640 -0.017476 
2492.030272 -0.017546 
2495.887904 -0.017593 
2499.745536 -0.017590 
2503.603168 -0.017514 
2507.460800 -0.017516 
2511.318432 -0.017634 
2515.176064 -0.017774 
2519.033696 -0.017846 
2522.891328 -0.017821 
2526.748960 -0.017799 
2530.606592 -0.017797 
2534.464224 -0.017773 
2538.321856 -0.017748 
2542.179488 -0.017694 
2546.037120 -0.017597 
2549.894752 -0.017440 
2553.752384 -0.017429 
2557.610016 -0.017564 
2561.467648 -0.017701 
2565.325280 -0.017758 
2569.182912 -0.017650 
2573.040544 -0.017524 
2576.898176 -0.017539 
2580.755808 -0.017428 
2584.613440 -0.017156 
2588.471072 -0.016706 
2592.328704 -0.015989 
2596.186336 -0.015293 
2600.043968 -0.015068 
2603.901600 -0.015249 
2607.759232 -0.015361 
2611.616864 -0.015264 
2615.474496 -0.015771 
2619.332128 -0.016762 
2623.189760 -0.017392 
2627.047392 -0.017621 
2630.905024 -0.017693 
2634.762656 -0.017697 
2638.620288 -0.017568 
2642.477920 -0.017167 
2646.335552 -0.016347 
2650.193184 -0.014476 
2654.050816 -0.011288 
2657.908448 -0.008398 
2661.766080 -0.009156 
2665.623712 -0.012919 
2669.481344 -0.015420 
2673.338976 -0.016179 
2677.196608 -0.016272 
2681.054240 -0.016015 
2684.911872 -0.015338 
2688.769504 -0.014771 
2692.627136 -0.014903 
2696.484768 -0.015408 
2700.342400 -0.016137 
2704.200032 -0.016946 
2708.057664 -0.017366 
2711.915296 -0.017568 
2715.772928 -0.017852 
2719.630560 -0.018095 
2723.488192 -0.018238 
2727.345824 -0.018390 
2731.203456 -0.018486 
2735.061088 -0.018525 
2738.918720 -0.018517 
2742.776352 -0.018529 
2746.633984 -0.018494 
2750.491616 -0.018470 
2754.349248 -0.018395 
2758.206880 -0.018304 
2762.064512 -0.018128 
2765.922144 -0.017823 
2769.779776 -0.017330 
2773.637408 -0.016664 
2777.495040 -0.016034 
2781.352672 -0.015285 
2785.210304 -0.013805 
2789.067936 -0.011573 
2792.925568 -0.010444 
2796.783200 -0.011803 
2800.640832 -0.013862 
2804.498464 -0.014927 
2808.356096 -0.014912 
2812.213728 -0.014080 
2816.071360 -0.013018 
2819.928992 -0.012106 
2823.786624 -0.010453 
2827.644256 -0.007274 
2831.501888 -0.001914 
2835.359520 0.007665 
2839.217152 0.026203 
2843.074784 0.062957 
2846.932416 0.120970 
2850.790048 0.158709 
2854.647680 0.124781 
2858.505312 0.067763 
2862.362944 0.034137 
2866.220576 0.020103 
2870.078208 0.014731 
2873.935840 0.011842 
2877.793472 0.010055 
2881.651104 0.010821 
2885.508736 0.015690 
2889.366368 0.025764 
2893.224000 0.042508 
2897.081632 0.067616 
2900.939264 0.098307 
2904.796896 0.125870 
2908.654528 0.147328 
2912.512160 0.167293 
2916.369792 0.205757 
2920.227424 0.260702 
2924.085056 0.281594 
2927.942688 0.245339 
2931.800320 0.180380 
2935.657952 0.118601 
2939.515584 0.074348 
2943.373216 0.046199 
2947.230848 0.028264 
2951.088480 0.016274 
2954.946112 0.007991 
2958.803744 0.002109 
2962.661376 -0.002023 
2966.519008 -0.004977 
2970.376640 -0.007228 
2974.234272 -0.008937 
2978.091904 -0.010322 
2981.949536 -0.011465 
2985.807168 -0.012394 
2989.664800 -0.013209 
2993.522432 -0.013955 
2997.380064 -0.014623 
3001.237696 -0.015032 
3005.095328 -0.015327 
3008.952960 -0.015591 
3012.810592 -0.015826 
3016.668224 -0.016125 
3020.525856 -0.016489 
3024.383488 -0.016792 
3028.241120 -0.016982 
3032.098752 -0.017105 
3035.956384 -0.017283 
3039.814016 -0.017460 
3043.671648 -0.017595 
3047.529280 -0.017673 
3051.386912 -0.017708 
3055.244544 -0.017788 
3059.102176 -0.017847 
3062.959808 -0.017878 
3066.817440 -0.017936 
3070.675072 -0.017998 
3074.532704 -0.018018 
3078.390336 -0.017987 
3082.247968 -0.017976 
3086.105600 -0.018007 
3089.963232 -0.018026 
3093.820864 -0.018039 
3097.678496 -0.018137 
3101.536128 -0.018225 
3105.393760 -0.018249 
3109.251392 -0.018219 
3113.109024 -0.018250 
3116.966656 -0.018302 
3120.824288 -0.018310 
3124.681920 -0.018333 
3128.539552 -0.018395 
3132.397184 -0.018441 
3136.254816 -0.018382 
3140.112448 -0.018356 
3143.970080 -0.018288 
3147.827712 -0.018135 
3151.685344 -0.017970 
3155.542976 -0.017978 
3159.400608 -0.018087 
3163.258240 -0.018207 
3167.115872 -0.018379 
3170.973504 -0.018670 
3174.831136 -0.018910 
3178.688768 -0.018961 
3182.546400 -0.019033 
3186.404032 -0.019121 
3190.261664 -0.019247 
3194.119296 -0.019309 
3197.976928 -0.019279 
3201.834560 -0.019287 
3205.692192 -0.019309 
3209.549824 -0.019390 
3213.407456 -0.019485 
3217.265088 -0.019524 
3221.122720 -0.019506 
3224.980352 -0.019433 
3228.837984 -0.019437 
3232.695616 -0.019523 
3236.553248 -0.019517 
3240.410880 -0.019403 
3244.268512 -0.019391 
3248.126144 -0.019441 
3251.983776 -0.019425 
3255.841408 -0.019337 
3259.699040 -0.019343 
3263.556672 -0.019373 
3267.414304 -0.019321 
3271.271936 -0.019226 
3275.129568 -0.019225 
3278.987200 -0.019268 
3282.844832 -0.019302 
3286.702464 -0.019282 
3290.560096 -0.019257 
3294.417728 -0.019328 
3298.275360 -0.019340 
3302.132992 -0.019316 
3305.990624 -0.019288 
3309.848256 -0.019260 
3313.705888 -0.019259 
3317.563520 -0.019313 
3321.421152 -0.019411 
3325.278784 -0.019512 
3329.136416 -0.019517 
3332.994048 -0.019511 
3336.851680 -0.019520 
3340.709312 -0.019540 
3344.566944 -0.019650 
3348.424576 -0.019634 
3352.282208 -0.019612 
3356.139840 -0.019631 
3359.997472 -0.019593 
3363.855104 -0.019558 
3367.712736 -0.019602 
3371.570368 -0.019702 
3375.428000 -0.019765 
3379.285632 -0.019829 
3383.143264 -0.019872 
3387.000896 -0.019857 
3390.858528 -0.019817 
3394.716160 -0.019768 
3398.573792 -0.019792 
3402.431424 -0.019841 
3406.289056 -0.019883 
3410.146688 -0.019904 
3414.004320 -0.019865 
3417.861952 -0.019839 
3421.719584 -0.019873 
3425.577216 -0.019891 
3429.434848 -0.019865 
3433.292480 -0.019696 
3437.150112 -0.019598 
3441.007744 -0.019538 
3444.865376 -0.019484 
3448.723008 -0.019603 
3452.580640 -0.019885 
3456.438272 -0.020003 
3460.295904 -0.020018 
3464.153536 -0.020044 
3468.011168 -0.020127 
3471.868800 -0.020212 
3475.726432 -0.020303 
3479.584064 -0.020293 
3483.441696 -0.020252 
3487.299328 -0.020310 
3491.156960 -0.020398 
3495.014592 -0.020453 
3498.872224 -0.020362 
3502.729856 -0.020290 
3506.587488 -0.020364 
3510.445120 -0.020462 
3514.302752 -0.020525 
3518.160384 -0.020483 
3522.018016 -0.020256 
3525.875648 -0.020083 
3529.733280 -0.020237 
3533.590912 -0.020382 
3537.448544 -0.020311 
3541.306176 -0.020294 
3545.163808 -0.020137 
3549.021440 -0.020231 
3552.879072 -0.020315 
3556.736704 -0.020283 
3560.594336 -0.020278 
3564.451968 -0.019988 
3568.309600 -0.019675 
3572.167232 -0.020067 
3576.024864 -0.020403 
3579.882496 -0.020507 
3583.740128 -0.020465 
3587.597760 -0.020122 
3591.455392 -0.020101 
3595.313024 -0.020147 
3599.170656 -0.020138 
3603.028288 -0.020218 
3606.885920 -0.020167 
3610.743552 -0.019892 
3614.601184 -0.019808 
3618.458816 -0.019721 
3622.316448 -0.019877 
3626.174080 -0.020051 
3630.031712 -0.019631 
3633.889344 -0.019776 
3637.746976 -0.020035 
3641.604608 -0.020113 
3645.462240 -0.020108 
3649.319872 -0.019482 
3653.177504 -0.019483 
3657.035136 -0.019855 
3660.892768 -0.020096 
3664.750400 -0.020373 
3668.608032 -0.020311 
3672.465664 -0.019892 
3676.323296 -0.019480 
3680.180928 -0.019665 
3684.038560 -0.020163 
3687.896192 -0.019932 
3691.753824 -0.019316 
3695.611456 -0.019599 
3699.469088 -0.019776 
3703.326720 -0.019793 
3707.184352 -0.020014 
3711.041984 -0.019420 
3714.899616 -0.019330 
3718.757248 -0.019743 
3722.614880 -0.019571 
3726.472512 -0.019547 
3730.330144 -0.019864 
3734.187776 -0.019563 
3738.045408 -0.019317 
3741.903040 -0.019932 
3745.760672 -0.020032 
3749.618304 -0.019672 
3753.475936 -0.019274 
3757.333568 -0.019630 
3761.191200 -0.019943 
3765.048832 -0.020277 
3768.906464 -0.020212 
3772.764096 -0.020155 
3776.621728 -0.020331 
3780.479360 -0.020236 
3784.336992 -0.020130 
3788.194624 -0.020314 
3792.052256 -0.020651 
3795.909888 -0.020756 
3799.767520 -0.020423 
3803.625152 -0.020117 
3807.482784 -0.020144 
3811.340416 -0.020477 
3815.198048 -0.020658 
3819.055680 -0.020434 
3822.913312 -0.020207 
3826.770944 -0.020434 
3830.628576 -0.020741 
3834.486208 -0.020761 
3838.343840 -0.020180 
3842.201472 -0.019999 
3846.059104 -0.020536 
3849.916736 -0.020990 
3853.774368 -0.020319 
3857.632000 -0.020042 
3861.489632 -0.020510 
3865.347264 -0.020469 
3869.204896 -0.020241 
3873.062528 -0.020094 
3876.920160 -0.020437 
3880.777792 -0.020581 
3884.635424 -0.020526 
3888.493056 -0.020381 
3892.350688 -0.020243 
3896.208320 -0.020479 
3900.065952 -0.020455 
3903.923584 -0.019814 
3907.781216 -0.020185 
3911.638848 -0.020756 
3915.496480 -0.020808 
3919.354112 -0.020625 
3923.211744 -0.020638 
3927.069376 -0.020581 
3930.927008 -0.020423 
3934.784640 -0.020504 
3938.642272 -0.020654 
3942.499904 -0.020396 
3946.357536 -0.020182 
3950.215168 -0.020274 
3954.072800 -0.020392 
3957.930432 -0.020307 
3961.788064 -0.020370 
3965.645696 -0.020635 
3969.503328 -0.020839 
3973.360960 -0.020908 
3977.218592 -0.020951 
3981.076224 -0.021042 
3984.933856 -0.021145 
3988.791488 -0.021173 
3992.649120 -0.021215 
3996.506752 -0.021225 
4000.364384 -0.021109 