##YUNITS=Abs
698.231392 -0.010214 
702.089024 -0.010237 
705.946656 -0.010558 
709.804288 -0.010476 
713.661920 -0.011586 
717.519552 -0.011988 
721.377184 -0.011563 
725.234816 -0.011179 
729.092448 -0.010717 
732.950080 -0.010777 
736.807712 -0.011306 
740.665344 -0.011189 
744.522976 -0.011484 
748.380608 -0.012154 
752.238240 -0.012140 
756.095872 -0.011894 
759.953504 -0.011166 
763.811136 -0.010287 
767.668768 -0.010683 
771.526400 -0.011696 
775.384032 -0.011499 
779.241664 -0.010787 
783.099296 -0.010594 
786.956928 -0.010660 
790.814560 -0.010813 
794.672192 -0.010684 
798.529824 -0.010519 
802.387456 -0.010618 
806.245088 -0.010658 
810.102720 -0.010621 
813.960352 -0.010702 
817.817984 -0.010574 
821.675616 -0.010528 
825.533248 -0.010554 
829.390880 -0.010407 
833.248512 -0.010145 
837.106144 -0.009796 
840.963776 -0.009234 
844.821408 -0.008004 
848.679040 -0.005568 
852.536672 -0.000131 
856.394304 0.011172 
860.251936 0.022289 
864.109568 0.017768 
867.967200 0.004504 
871.824832 -0.003082 
875.682464 -0.006161 
879.540096 -0.007386 
883.397728 -0.008157 
887.255360 -0.008389 
891.112992 -0.007780 
894.970624 -0.004703 
898.828256 0.006038 
902.685888 0.018315 
906.543520 0.010275 
910.401152 -0.002879 
914.258784 -0.007517 
918.116416 -0.008924 
921.974048 -0.009078 
925.831680 -0.009152 
929.689312 -0.009756 
933.546944 -0.009778 
937.404576 -0.009784 
941.262208 -0.010063 
945.119840 -0.009981 
948.977472 -0.009885 
952.835104 -0.009898 
956.692736 -0.009974 
960.550368 -0.010128 
964.408000 -0.010278 
968.265632 -0.010186 
972.123264 -0.010138 
975.980896 -0.010021 
979.838528 -0.009716 
983.696160 -0.009735 
987.553792 -0.009744 
991.411424 -0.009487 
995.269056 -0.009068 
999.126688 -0.008572 
1002.984320 -0.007740 
1006.841952 -0.005845 
1010.699584 -0.003568 
1014.557216 -0.002526 
1018.414848 -0.003512 
1022.272480 -0.004760 
1026.130112 -0.005072 
1029.987744 -0.004336 
1033.845376 -0.002122 
1037.703008 0.000090 
1041.560640 -0.001100 
1045.418272 -0.004471 
1049.275904 -0.006719 
1053.133536 -0.007701 
1056.991168 -0.008026 
1060.848800 -0.008192 
1064.706432 -0.008302 
1068.564064 -0.008480 
1072.421696 -0.008628 
1076.279328 -0.008799 
1080.136960 -0.008787 
1083.994592 -0.008786 
1087.852224 -0.008908 
1091.709856 -0.008887 
1095.567488 -0.008598 
1099.425120 -0.008578 
1103.282752 -0.008614 
1107.140384 -0.008623 
1110.998016 -0.008714 
1114.855648 -0.008885 
1118.713280 -0.009035 
1122.570912 -0.009296 
1126.428544 -0.009666 
1130.286176 -0.010024 
1134.143808 -0.010209 
1138.001440 -0.010288 
1141.859072 -0.010329 
1145.716704 -0.010444 
1149.574336 -0.010689 
1153.431968 -0.010626 
1157.289600 -0.010505 
1161.147232 -0.010558 
1165.004864 -0.010690 
1168.862496 -0.010790 
1172.720128 -0.010874 
1176.577760 -0.010975 
1180.435392 -0.011026 
1184.293024 -0.011040 
1188.150656 -0.011061 
1192.008288 -0.011113 
1195.865920 -0.011106 
1199.723552 -0.011158 
1203.581184 -0.011128 
1207.438816 -0.011121 
1211.296448 -0.011130 
1215.154080 -0.011114 
1219.011712 -0.011010 
1222.869344 -0.010864 
1226.726976 -0.010692 
1230.584608 -0.010530 
1234.442240 -0.010269 
1238.299872 -0.009829 
1242.157504 -0.009112 
1246.015136 -0.007862 
1249.872768 -0.005098 
1253.730400 -0.000487 
1257.588032 0.001623 
1261.445664 -0.001636 
1265.303296 -0.005180 
1269.160928 -0.007071 
1273.018560 -0.008265 
1276.876192 -0.009078 
1280.733824 -0.009488 
1284.591456 -0.009820 
1288.449088 -0.010092 
1292.306720 -0.010307 
1296.164352 -0.010417 
1300.021984 -0.010575 
1303.879616 -0.010624 
1307.737248 -0.010568 
1311.594880 -0.010439 
1315.452512 -0.010312 
1319.310144 -0.010253 
1323.167776 -0.010367 
1327.025408 -0.010413 
1330.883040 -0.010420 
1334.740672 -0.010047 
1338.598304 -0.009464 
1342.455936 -0.009510 
1346.313568 -0.009706 
1350.171200 -0.009589 
1354.028832 -0.009815 
1357.886464 -0.010158 
1361.744096 -0.010231 
1365.601728 -0.010483 
1369.459360 -0.010773 
1373.316992 -0.010606 
1377.174624 -0.010655 
1381.032256 -0.010858 
1384.889888 -0.010724 
1388.747520 -0.010390 
1392.605152 -0.010175 
1396.462784 -0.009565 
1400.320416 -0.009577 
1404.178048 -0.009432 
1408.035680 -0.009050 
1411.893312 -0.008400 
1415.750944 -0.007513 
1419.608576 -0.006088 
1423.466208 -0.005218 
1427.323840 -0.003799 
1431.181472 -0.001219 
1435.039104 0.004613 
1438.896736 0.018336 
1442.754368 0.043643 
1446.612000 0.082622 
1450.469632 0.092769 
1454.327264 0.060147 
1458.184896 0.018425 
1462.042528 0.005021 
1465.900160 0.000220 
1469.757792 -0.002675 
1473.615424 -0.004614 
1477.473056 -0.006398 
1481.330688 -0.007753 
1485.188320 -0.008230 
1489.045952 -0.008511 
1492.903584 -0.009250 
1496.761216 -0.009762 
1500.618848 -0.010027 
1504.476480 -0.010141 
1508.334112 -0.009315 
1512.191744 -0.010221 
1516.049376 -0.010607 
1519.907008 -0.010588 
1523.764640 -0.010617 
1527.622272 -0.011225 
1531.479904 -0.011482 
1535.337536 -0.011486 
1539.195168 -0.011113 
1543.052800 -0.010771 
1546.910432 -0.011551 
1550.768064 -0.011967 
1554.625696 -0.011945 
1558.483328 -0.011668 
1562.340960 -0.012020 
1566.198592 -0.012425 
1570.056224 -0.012382 
1573.913856 -0.012381 
1577.771488 -0.012239 
1581.629120 -0.012554 
1585.486752 -0.012643 
1589.344384 -0.012601 
1593.202016 -0.012527 
1597.059648 -0.012683 
1600.917280 -0.012787 
1604.774912 -0.012827 
1608.632544 -0.012848 
1612.490176 -0.012957 
1616.347808 -0.012716 
1620.205440 -0.012569 
1624.063072 -0.012530 
1627.920704 -0.012687 
1631.778336 -0.012836 
1635.635968 -0.012416 
1639.493600 -0.012317 
1643.351232 -0.012548 
1647.208864 -0.012186 
1651.066496 -0.012199 
1654.924128 -0.012238 
1658.781760 -0.012757 
1662.639392 -0.012960 
1666.497024 -0.012988 
1670.354656 -0.012761 
1674.212288 -0.012671 
1678.069920 -0.012605 
1681.927552 -0.012433 
1685.785184 -0.012329 
1689.642816 -0.012974 
1693.500448 -0.013390 
1697.358080 -0.013117 
1701.215712 -0.013009 
1705.073344 -0.013431 
1708.930976 -0.013841 
1712.788608 -0.013856 
1716.646240 -0.013450 
1720.503872 -0.013932 
1724.361504 -0.014407 
1728.219136 -0.014386 
1732.076768 -0.013975 
1735.934400 -0.013968 
1739.792032 -0.014182 
1743.649664 -0.014036 
1747.507296 -0.013696 
1751.364928 -0.013803 
1755.222560 -0.014288 
1759.080192 -0.014325 
1762.937824 -0.014374 
1766.795456 -0.014466 
1770.653088 -0.014083 
1774.510720 -0.013747 
1778.368352 -0.013928 
1782.225984 -0.014259 
1786.083616 -0.014562 
1789.941248 -0.014499 
1793.798880 -0.014263 
1797.656512 -0.014362 
1801.514144 -0.014510 
1805.371776 -0.014789 
1809.229408 -0.014809 
1813.087040 -0.014873 
1816.944672 -0.015049 
1820.802304 -0.014989 
1824.659936 -0.014802 
1828.517568 -0.014639 
1832.375200 -0.014720 
1836.232832 -0.014881 
1840.090464 -0.014954 
1843.948096 -0.014800 
1847.805728 -0.014923 
1851.663360 -0.015257 
1855.520992 -0.015286 
1859.378624 -0.015211 
1863.236256 -0.015071 
1867.093888 -0.014650 
1870.951520 -0.014562 
1874.809152 -0.014964 
1878.666784 -0.015236 
1882.524416 -0.015363 
1886.382048 -0.015326 
1890.239680 -0.015287 
1894.097312 -0.015354 
1897.954944 -0.015521 
1901.812576 -0.015628 
1905.670208 -0.015602 
1909.527840 -0.015559 
1913.385472 -0.015650 
1917.243104 -0.015544 
1921.100736 -0.015367 
1924.958368 -0.015498 
1928.816000 -0.015704 
1932.673632 -0.015757 
1936.531264 -0.015799 
1940.388896 -0.015717 
1944.246528 -0.015693 
1948.104160 -0.015899 
1951.961792 -0.015990 
1955.819424 -0.015973 
1959.677056 -0.016000 
1963.534688 -0.015983 
1967.392320 -0.015924 
1971.249952 -0.016009 
1975.107584 -0.016057 
1978.965216 -0.015988 
1982.822848 -0.015799 
1986.680480 -0.015452 
1990.538112 -0.015296 
1994.395744 -0.015631 
1998.253376 -0.016019 
2002.111008 -0.016178 
2005.968640 -0.016246 
2009.826272 -0.016264 
2013.683904 -0.016215 
2017.541536 -0.016165 
2021.399168 -0.016265 
2025.256800 -0.016366 
2029.114432 -0.016408 
2032.972064 -0.016401 
2036.829696 -0.016335 
2040.687328 -0.016259 
2044.544960 -0.016283 
2048.402592 -0.016315 
2052.260224 -0.016275 
2056.117856 -0.016111 
2059.975488 -0.016020 
2063.833120 -0.016139 
2067.690752 -0.016380 
2071.548384 -0.016573 
2075.406016 -0.016631 
2079.263648 -0.016703 
2083.121280 -0.016780 
2086.978912 -0.016784 
2090.836544 -0.016784 
2094.694176 -0.016868 
2098.551808 -0.016927 
2102.409440 -0.016886 
2106.267072 -0.016863 
2110.124704 -0.016877 
2113.982336 -0.016860 
2117.839968 -0.016823 
2121.697600 -0.016709 
2125.555232 -0.016589 
2129.412864 -0.016534 
2133.270496 -0.016386 
2137.128128 -0.016237 
2140.985760 -0.016421 
2144.843392 -0.016624 
2148.701024 -0.016631 
2152.558656 -0.016657 
2156.416288 -0.016802 
2160.273920 -0.016817 
2164.131552 -0.016678 
2167.989184 -0.016516 
2171.846816 -0.016432 
2175.704448 -0.016346 
2179.562080 -0.016343 
2183.419712 -0.016578 
2187.277344 -0.016818 
2191.134976 -0.016965 
2194.992608 -0.016986 
2198.850240 -0.016933 
2202.707872 -0.016845 
2206.565504 -0.016862 
2210.423136 -0.016991 
2214.280768 -0.017139 
2218.138400 -0.017193 
2221.996032 -0.017151 
2225.853664 -0.017094 
2229.711296 -0.017048 
2233.568928 -0.017083 
2237.426560 -0.017124 
2241.284192 -0.017011 
2245.141824 -0.016809 
2248.999456 -0.016803 
2252.857088 -0.016989 
2256.714720 -0.017186 
2260.572352 -0.017347 
2264.429984 -0.017448 
2268.287616 -0.017480 
2272.145248 -0.017457 
2276.002880 -0.017385 
2279.860512 -0.017317 
2283.718144 -0.017276 
2287.575776 -0.017213 
2291.433408 -0.017061 
2295.291040 -0.016814 
2299.148672 -0.016449 
2303.006304 -0.015973 
2306.863936 -0.015584 
2310.721568 -0.015349 
2314.579200 -0.015211 
2318.436832 -0.014895 
2322.294464 -0.014558 
2326.152096 -0.014365 
2330.009728 -0.014218 
2333.867360 -0.014270 
2337.724992 -0.014410 
2341.582624 -0.014248 
2345.440256 -0.014237 
2349.297888 -0.014414 
2353.155520 -0.014010 
2357.013152 -0.013081 
2360.870784 -0.012518 
2364.728416 -0.012522 
2368.586048 -0.013132 
2372.443680 -0.013972 
2376.301312 -0.014888 
2380.158944 -0.016000 
2384.016576 -0.017005 
2387.874208 -0.017537 
2391.731840 -0.017606 
2395.589472 -0.017553 
2399.447104 -0.017631 
2403.304736 -0.017709 
2407.162368 -0.017676 
2411.020000 -0.017602 
2414.877632 -0.017645 
2418.735264 -0.017835 
2422.592896 -0.018031 
2426.450528 -0.018135 
2430.308160 -0.018087 
2434.165792 -0.018031 
2438.023424 -0.018127 
2441.881056 -0.018245 
2445.738688 -0.018300 
2449.596320 -0.018333 
2453.453952 -0.018326 
2457.311584 -0.018322 
2461.169216 -0.018325 
2465.026848 -0.018300 
2468.884480 -0.018185 
2472.742112 -0.017971 
2476.599744 -0.017837 
2480.457376 -0.018014 
2484.315008 -0.018304 
2488.172640 -0.018440 
2492.030272 -0.018508 
2495.887904 -0.018547 
2499.745536 -0.018537 
2503.603168 -0.018462 
2507.460800 -0.018459 
2511.318432 -0.018566 
2515.176064 -0.018672 
2519.033696 -0.018689 
2522.891328 -0.018652 
2526.748960 -0.018651 
2530.606592 -0.018654 
2534.464224 -0.018673 
2538.321856 -0.018699 
2542.179488 -0.018659 
2546.037120 -0.018607 
2549.894752 -0.018485 
2553.752384 -0.018475 
2557.610016 -0.018630 
2561.467648 -0.018746 
2565.325280 -0.018794 
2569.182912 -0.018724 
2573.040544 -0.018591 
2576.898176 -0.018556 
2580.755808 -0.018482 
2584.613440 -0.018266 
2588.471072 -0.017853 
2592.328704 -0.017116 
2596.186336 -0.016353 
2600.043968 -0.016130 
2603.901600 -0.016346 
2607.759232 -0.016424 
2611.616864 -0.016286 
2615.474496 -0.016774 
2619.332128 -0.017737 
2623.189760 -0.018418 
2627.047392 -0.018677 
2630.905024 -0.018763 
2634.762656 -0.018759 
2638.620288 -0.018601 
2642.477920 -0.018202 
2646.335552 -0.017410 
2650.193184 -0.015587 
2654.050816 -0.012442 
2657.908448 -0.009576 
2661.766080 -0.010318 
2665.623712 -0.014037 
2669.481344 -0.016519 
2673.338976 -0.017317 
2677.196608 -0.017429 
2681.054240 -0.017147 
2684.911872 -0.016485 
2688.769504 -0.015913 
2692.627136 -0.016064 
2696.484768 -0.016561 
2700.342400 -0.017238 
2704.200032 -0.018062 
2708.057664 -0.018532 
2711.915296 -0.018741 
2715.772928 -0.018978 
2719.630560 -0.019227 
2723.488192 -0.019390 
2727.345824 -0.019556 
2731.203456 -0.019674 
2735.061088 -0.019699 
2738.918720 -0.019661 
2742.776352 -0.019654 
2746.633984 -0.019664 
2750.491616 -0.019650 
2754.349248 -0.019561 
2758.206880 -0.019462 
2762.064512 -0.019266 
2765.922144 -0.018961 
2769.779776 -0.018513 
2773.637408 -0.017872 
2777.495040 -0.017211 
2781.352672 -0.016448 
2785.210304 -0.014968 
2789.067936 -0.012783 
2792.925568 -0.011692 
2796.783200 -0.013040 
2800.640832 -0.015036 
2804.498464 -0.016087 
2808.356096 -0.016121 
2812.213728 -0.015317 
2816.071360 -0.014248 
2819.928992 -0.013341 
2823.786624 -0.011736 
2827.644256 -0.008557 
2831.501888 -0.003193 
2835.359520 0.006352 
2839.217152 0.024883 
2843.074784 0.061561 
2846.932416 0.119431 
2850.790048 0.157066 
2854.647680 0.123273 
2858.505312 0.066508 
2862.362944 0.033070 
2866.220576 0.018976 
2870.078208 0.013581 
2873.935840 0.010689 
2877.793472 0.008875 
2881.651104 0.009584 
2885.508736 0.014358 
2889.366368 0.024372 
2893.224000 0.040991 
2897.081632 0.065980 
2900.939264 0.096647 
2904.796896 0.124137 
2908.654528 0.145642 
2912.512160 0.165617 
2916.369792 0.203919 
2920.227424 0.258709 
2924.085056 0.279756 
2927.942688 0.243876 
2931.800320 0.179269 
2935.657952 0.117576 
2939.515584 0.073333 
2943.373216 0.045198 
2947.230848 0.027257 
2951.088480 0.015224 
2954.946112 0.006786 
2958.803744 0.000823 
2962.661376 -0.003343 
2966.519008 -0.006370 
2970.376640 -0.008601 
2974.234272 -0.010267 
2978.091904 -0.011673 
2981.949536 -0.012872 
2985.807168 -0.013832 
2989.664800 -0.014650 
2993.522432 -0.015371 
2997.380064 -0.016012 
3001.237696 -0.016493 
3005.095328 -0.016832 
3008.952960 -0.017060 
3012.810592 -0.017295 
3016.668224 -0.017632 
3020.525856 -0.017976 
3024.383488 -0.018236 
3028.241120 -0.018413 
3032.098752 -0.018518 
3035.956384 -0.018728 
3039.814016 -0.018909 
3043.671648 -0.019007 
3047.529280 -0.019081 
3051.386912 -0.019143 
3055.244544 -0.019250 
3059.102176 -0.019358 
3062.959808 -0.019401 
3066.817440 -0.019448 
3070.675072 -0.019527 
3074.532704 -0.019596 
3078.390336 -0.019621 
3082.247968 -0.019650 
3086.105600 -0.019647 
3089.963232 -0.019603 
3093.820864 -0.019614 
3097.678496 -0.019721 
3101.536128 -0.019770 
3105.393760 -0.019755 
3109.251392 -0.019755 
3113.109024 -0.019793 
3116.966656 -0.019854 
3120.824288 -0.019843 
3124.681920 -0.019858 
3128.539552 -0.019908 
3132.397184 -0.019932 
3136.254816 -0.019920 
3140.112448 -0.019894 
3143.970080 -0.019775 
3147.827712 -0.019562 
3151.685344 -0.019382 
3155.542976 -0.019420 
3159.400608 -0.019581 
3163.258240 -0.019695 
3167.115872 -0.019832 
3170.973504 -0.020045 
3174.831136 -0.020222 
3178.688768 -0.020252 
3182.546400 -0.020336 
3186.404032 -0.020413 
3190.261664 -0.020547 
3194.119296 -0.020638 
3197.976928 -0.020640 
3201.834560 -0.020659 
3205.692192 -0.020711 
3209.549824 -0.020752 
3213.407456 -0.020783 
3217.265088 -0.020801 
3221.122720 -0.020797 
3224.980352 -0.020723 
3228.837984 -0.020716 
3232.695616 -0.020741 
3236.553248 -0.020683 
3240.410880 -0.020601 
3244.268512 -0.020587 
3248.126144 -0.020620 
3251.983776 -0.020658 
3255.841408 -0.020583 
3259.699040 -0.020559 
3263.556672 -0.020556 
3267.414304 -0.020539 
3271.271936 -0.020477 
3275.129568 -0.020464 
3278.987200 -0.020489 
3282.844832 -0.020491 
3286.702464 -0.020463 
3290.560096 -0.020379 
3294.417728 -0.020363 
3298.275360 -0.020424 
3302.132992 -0.020425 
3305.990624 -0.020401 
3309.848256 -0.020387 
3313.705888 -0.020385 
3317.563520 -0.020378 
3321.421152 -0.020389 
3325.278784 -0.020448 
3329.136416 -0.020530 
3332.994048 -0.020545 
3336.851680 -0.020553 
3340.709312 -0.020620 
3344.566944 -0.020665 
3348.424576 -0.020589 
3352.282208 -0.020576 
3356.139840 -0.020576 
3359.997472 -0.020591 
3363.855104 -0.020662 
3367.712736 -0.020725 
3371.570368 -0.020774 
3375.428000 -0.020849 
3379.285632 -0.020982 
3383.143264 -0.021055 
3387.000896 -0.021069 
3390.858528 -0.021034 
3394.716160 -0.020977 
3398.573792 -0.021033 
3402.431424 -0.021049 
3406.289056 -0.021069 
3410.146688 -0.021117 
3414.004320 -0.021101 
3417.861952 -0.021083 
3421.719584 -0.021020 
3425.577216 -0.021011 
3429.434848 -0.021018 
3433.292480 -0.020927 
3437.150112 -0.020812 
3441.007744 -0.020674 
3444.865376 -0.020639 
3448.723008 -0.020816 
3452.580640 -0.021162 
3456.438272 -0.021318 
3460.295904 -0.021269 
3464.153536 -0.021252 
3468.011168 -0.021431 
3471.868800 -0.021539 
3475.726432 -0.021641 
3479.584064 -0.021675 
3483.441696 -0.021656 
3487.299328 -0.021724 
3491.156960 -0.021801 
3495.014592 -0.021817 
3498.872224 -0.021756 
3502.729856 -0.021618 
3506.587488 -0.021735 
3510.445120 -0.021880 
3514.302752 -0.021957 
3518.160384 -0.022054 
3522.018016 -0.021818 
3525.875648 -0.021529 
3529.733280 -0.021764 
3533.590912 -0.021998 
3537.448544 -0.021911 
3541.306176 -0.021859 
3545.163808 -0.021596 
3549.021440 -0.021702 
3552.879072 -0.021877 
3556.736704 -0.021920 
3560.594336 -0.021981 
3564.451968 -0.021602 
3568.309600 -0.021246 
3572.167232 -0.021821 
3576.024864 -0.022224 
3579.882496 -0.022313 
3583.740128 -0.022310 
3587.597760 -0.021860 
3591.455392 -0.021815 
3595.313024 -0.021852 
3599.170656 -0.021858 
3603.028288 -0.022109 
3606.885920 -0.022124 
3610.743552 -0.021749 
3614.601184 -0.021644 
3618.458816 -0.021631 
3622.316448 -0.021841 
3626.174080 -0.021983 
3630.031712 -0.021289 
3633.889344 -0.021599 
3637.746976 -0.022079 
3641.604608 -0.022312 
3645.462240 -0.022298 
3649.319872 -0.021338 
3653.177504 -0.021416 
3657.035136 -0.021879 
3660.892768 -0.022260 
3664.750400 -0.022717 
3668.608032 -0.022614 
3672.465664 -0.022021 
3676.323296 -0.021329 
3680.180928 -0.021652 
3684.038560 -0.022493 
3687.896192 -0.022071 
3691.753824 -0.021243 
3695.611456 -0.021763 
3699.469088 -0.022084 
3703.326720 -0.021990 
3707.184352 -0.022208 
3711.041984 -0.021538 
3714.899616 -0.021498 
3718.757248 -0.021989 
3722.614880 -0.021711 
3726.472512 -0.021639 
3730.330144 -0.022033 
3734.187776 -0.021537 
3738.045408 -0.021395 
3741.903040 -0.022248 
3745.760672 -0.022058 
3749.618304 -0.021607 
3753.475936 -0.021327 
3757.333568 -0.021903 
3761.191200 -0.022328 
3765.048832 -0.022709 
3768.906464 -0.022589 
3772.764096 -0.022643 
3776.621728 -0.022852 
3780.479360 -0.022592 
3784.336992 -0.022545 
3788.194624 -0.022795 
3792.052256 -0.023098 
3795.909888 -0.023177 
3799.767520 -0.022783 
3803.625152 -0.022397 
3807.482784 -0.022440 
3811.340416 -0.022926 
3815.198048 -0.023031 
3819.055680 -0.022439 
3822.913312 -0.022299 
3826.770944 -0.022816 
3830.628576 -0.023208 
3834.486208 -0.023149 
3838.343840 -0.022468 
3842.201472 -0.022270 
3846.059104 -0.022868 
3849.916736 -0.023312 
3853.774368 -0.022446 
3857.632000 -0.022380 
3861.489632 -0.022912 
3865.347264 -0.022612 
3869.204896 -0.022331 
3873.062528 -0.022315 
3876.920160 -0.022865 
3880.777792 -0.022865 
3884.635424 -0.022741 
3888.493056 -0.022812 
3892.350688 -0.022693 
3896.208320 -0.022906 
3900.065952 -0.022736 
3903.923584 -0.022071 
3907.781216 -0.022597 
3911.638848 -0.023264 
3915.496480 -0.023272 
3919.354112 -0.023017 
3923.211744 -0.023085 
3927.069376 -0.023082 
3930.927008 -0.022888 
3934.784640 -0.022899 
3938.642272 -0.023147 
3942.499904 -0.022932 
3946.357536 -0.022754 
3950.215168 -0.022879 
3954.072800 -0.023078 
3957.930432 -0.023103 
3961.788064 -0.023153 
3965.645696 -0.023402 
3969.503328 -0.023549 
3973.360960 -0.023550 
3977.218592 -0.023699 
3981.076224 -0.023915 
3984.933856 -0.023933 
3988.791488 -0.023917 
3992.649120 -0.024014 
3996.506752 -0.024041 
4000.364384 -0.023958 